131.0
320.0
330.0
500.0
900.0
0.0
0.0
0.0
0.0
0.0
0.0
0.0
0.0
50.05
50.0
50.05
50.0
50.02
49.989999999999995
50.06999999999999
49.95
10.0
10.0
20.0
30.0
30.0
19.959999999999994
10.0
10.0
5.0
5.0
10.0
25.0
25.030000000000005
10.0
4.98
5.0
0.0
0.0
0.0
20.0
20.0
0.0
0.0
0.0
5.0
-5.0
-10.0
0.0
0.0
-10.0
-5.0
5.0
5.0
10.0
10.0
-20.0
-20.0
10.0
10.0
5.0
0.0
0.0
0.0
0.0
0.0
0.0
0.0
0.0
-50.0
-40.0
-30.0
-30.0
-30.0
-30.0
-40.0
-50.0
-40.0
-20.0
0.0
0.0
0.0
0.0
-20.0
-40.0
-30.0
0.0
10.0
15.0
15.0
10.0
0.0
-30.0
-30.0
5.0
15.0
20.0
20.0
15.0
5.0
-30.0
-30.0
0.0
15.0
20.0
20.0
15.0
0.0
-30.0
-30.0
5.0
10.0
15.0
15.0
10.0
5.0
-30.0
-40.0
-20.0
0.0
5.0
5.0
0.0
-20.0
-40.0
-50.0
-40.0
-30.0
-30.0
-30.0
-30.0
-40.0
-50.0
-20.0
-10.0
-10.0
-10.0
-10.0
-10.0
-10.0
-20.0
-10.0
0.0
0.0
0.0
0.0
0.0
0.0
-10.0
-10.0
0.0
5.0
10.0
10.0
5.0
0.0
-10.0
-10.0
5.0
5.0
10.0
10.0
5.0
5.0
-10.0
-10.0
0.0
10.0
10.0
10.0
10.0
0.0
-10.0
-10.0
10.0
10.0
10.0
10.0
10.0
10.0
-10.0
-10.0
5.0
0.0
0.0
0.0
0.0
5.0
-10.0
-20.0
-10.0
-10.0
-10.0
-10.0
-10.0
-10.0
-20.0
0.0
0.0
0.0
0.0
0.0
0.0
0.0
0.0
5.0
10.0
10.0
10.0
10.0
10.0
10.0
5.0
-5.0
0.0
0.0
0.0
0.0
0.0
0.0
-5.0
-5.0
0.0
0.0
0.0
0.0
0.0
0.0
-5.0
-5.0
0.0
0.0
0.0
0.0
0.0
0.0
-5.0
-5.0
0.0
0.0
0.0
0.0
0.0
0.0
-5.0
-5.0
0.0
0.0
0.0
0.0
0.0
0.0
-5.0
0.0
0.0
0.0
5.0
5.0
0.0
0.0
0.0
-20.0
-10.0
-10.0
-5.01
-5.0
-10.0
-10.0
-20.0
-10.0
0.0
0.0
0.0
0.0
0.0
0.0
-10.0
-10.0
0.0
5.0
5.0
5.0
5.0
0.0
-10.0
-5.0
0.0
5.0
5.0
5.0
5.0
0.0
-5.0
0.0
0.0
5.0
5.0
5.0
5.0
0.0
-4.99
-10.0
5.0
5.0
5.0
5.0
5.0
0.0
-10.0
-10.0
0.0
5.0
0.0
0.0
0.0
0.0
-10.0
-20.0
-10.0
-10.0
-5.0
-5.0
-10.0
-10.0
-20.0
-30.0
-40.0
-40.0
-50.0
-50.0
-40.0
-40.0
-30.0
-30.0
-40.0
-40.0
-50.0
-50.0
-40.0
-40.0
-30.0
-30.0
-40.0
-40.0
-50.0
-50.0
-40.0
-40.0
-30.0
-30.0
-40.0
-40.0
-50.0
-50.0
-40.0
-40.0
-30.0
-20.0
-30.0
-30.0
-40.0
-40.0
-30.0
-30.0
-20.0
-10.0
-20.0
-20.0
-20.0
-20.0
-20.0
-20.0
-10.0
20.0
20.0
0.0
0.0
0.0
0.0
20.0
20.0
20.0
30.0
10.0
0.0
0.0
10.0
30.0
20.0
68.0
40.0
80.0
40.0
149.0
250.0
150.0
200.0
80.0
39.0
25.0
