319
313
248
234
237
236
240
239
238
242
241
245
244
243
247
246
314
793
315
794
316
795
317
796
318
310
303
306
307
233
221
222
223
224
228
745
741
227
743
742
740
739
231
230
744
229
738
735
737
736
734
733
232
308
354
352
309
792
787
788
790
789
351
320
321
322
323
267
252
253
266
257
256
258
260
259
300
269
268
270
272
271
274
273
294
284
764
747
746
753
750
749
751
755
754
758
763
288
293
292
760
759
757
756
296
263
264
761
283
276
275
748
326
327
361
355
330
331
819
818
799
798
800
801
802
803
804
806
805
807
816
808
809
810
811
812
813
814
815
334
335
372
363
338
339
380
374
373
375
342
343
388
382
381
383
346
348
312
311
458
445
498
495
496
534
508
220
217
218
219
509
510
511
512
513
515
575
535
537
539
541
548
766
549
765
550
201
200
552
551
547
780
553
554
555
556
557
564
559
725
723
558
199
197
198
563
562
565
566
573
568
567
572
571
574
514
527
529
608
607
606
605
586
587
588
589
590
591
592
593
604
528
523
526
490
489
525
524
516
518
585
576
577
492
491
578
579
580
581
582
583
584
517
519
522
488
487
521
520
530
532
620
609
610
494
493
611
612
613
614
615
616
618
650
621
622
625
624
681
652
194
193
653
657
661
662
663
664
665
669
670
671
672
673
678
677
692
682
683
684
685
686
687
691
680
679
628
630
632
638
640
642
649
617
619
531
533
497
698
693
722
700
699
701
707
717
719
720
721
206
205
204
203
202
694
695
216
214
215
697
696
688
689
446
507
502
504
506
505
447
457
456
450
459
455
451
464
460
472
465
466
467
468
469
461
462
463
454
452
486
474
473
475
477
478
480
481
485
453
86
78
79
80
70
81
73
72
71
82
74
83
75
84
76
85
77
127
105
106
160
130
131
132
143
419
390
389
391
394
404
406
407
408
409
444
443
410
411
413
196
195
414
415
416
417
302
301
418
144
536
538
540
724
623
651
629
639
226
225
353
768
767
157
159
158
603
595
594
602
600
599
601
716
708
715
34
11
12
20
29
30
63
35
36
37
39
40
41
42
43
44
48
46
47
45
49
779
769
778
771
772
773
774
775
776
51
56
57
62
31
69
64
13
14
15
16
17
18
19
21
22
23
24
25
26
777
32
33
38
923
930
832
831
830
833
834
829
820
822
842
839
840
841
821
823
825
898
843
848
847
857
856
854
855
858
859
861
860
862
863
876
868
875
870
874
872
877
884
887
888
889
732
728
890
873
730
729
727
726
891
731
878
879
883
882
886
885
866
892
893
895
894
896
897
824
827
922
899
900
903
904
921
826
828
142
133
141
138
925
924
140
139
112
113
186
178
181
182
184
183
185
929
928
179
180
107
108
177
161
172
175
173
501
499
500
176
162
164
165
163
167
166
109
111
110
118
119
120
122
116
117
192
97
87
88
104
99
101
100
102
89
90
96
91
94
93
92
95
869
901
902
27
28
251
250
249
255
282
281
261
762
285
287
299
298
349
359
328
817
332
797
371
364
367
336
377
379
340
385
387
344
752
791
482
484
479
403
395
402
424
421
420
781
412
434
425
426
784
441
442
785
357
405
690
627
626
546
542
543
544
545
718
134
135
137
136
128
129
114
115
191
187
190
189
121
123
124
126
125
168
169
171
170
656
660
68
570
569
598
597
596
643
644
646
645
648
647
714
710
712
713
213
207
209
212
210
503
835
836
865
867
905
907
906
910
837
838
911
915
914
916
917
918
919
920
853
852
849
850
851
881
880
927
926
8
7
10
9
932
931
6
5
4
3
0
2
98
1
770
365
561
560
706
702
705
704
393
392
633
635
634
637
636
709
711
208
782
783
786
401
396
398
400
397
399
423
422
435
436
437
438
439
440
65
66
67
188
155
156
668
676
