88
80
261
253
226
675
676
677
678
266
81
337
324
422
428
431
450
438
201
442
447
391
463
472
464
473
388
437
436
384
385
462
454
456
457
459
458
460
387
393
490
491
501
619
543
196
549
552
580
578
562
576
570
528
509
506
519
520
526
514
510
511
529
495
368
586
593
596
612
615
209
206
219
218
590
572
325
378
373
375
377
376
326
336
335
329
338
334
330
343
339
351
349
344
347
348
652
639
640
641
642
643
644
645
646
647
648
649
650
637
651
350
340
341
342
333
331
365
353
352
354
356
357
359
360
364
332
82
72
83
75
74
73
84
76
85
77
86
78
87
79
130
108
109
163
133
134
135
146
298
269
268
270
273
283
285
286
287
288
323
322
289
290
292
199
198
293
294
295
296
258
257
297
147
401
403
405
499
540
160
162
161
145
136
144
141
779
786
781
780
143
142
115
116
189
181
184
185
187
186
188
785
784
182
183
110
111
180
164
175
178
176
179
165
167
168
656
655
166
170
169
112
114
113
121
122
123
125
119
120
195
