355
349
271
242
252
244
265
257
270
350
842
351
843
352
844
353
845
354
346
339
342
343
241
221
222
230
229
226
231
232
233
234
236
787
783
235
785
784
782
781
238
239
240
786
237
780
777
779
778
776
775
344
378
376
345
841
836
829
838
837
839
375
356
357
358
359
294
275
276
293
279
336
295
806
789
788
795
792
791
793
797
796
800
805
802
801
799
798
332
803
790
361
385
379
363
868
867
848
847
849
850
851
852
853
855
854
856
865
857
858
859
860
861
862
863
864
366
396
387
368
402
397
370
408
403
372
348
347
478
465
536
538
540
510
507
508
535
520
220
217
218
219
522
523
524
594
541
543
545
556
808
557
807
558
201
200
560
559
555
554
553
822
551
563
564
565
569
568
566
572
575
576
591
580
761
759
579
199
197
198
590
583
589
588
592
531
532
629
604
628
613
612
605
614
627
616
617
615
529
530
578
577
525
526
603
595
597
598
600
599
601
602
527
528
533
534
638
630
631
633
634
632
637
679
639
642
641
726
680
760
682
683
684
194
193
686
690
691
693
697
698
721
720
719
702
718
703
710
717
712
716
711
724
723
669
668
650
646
647
648
656
658
659
660
662
661
667
655
651
652
653
670
636
509
733
727
758
734
736
737
743
753
755
756
757
206
205
204
203
202
728
216
214
215
730
732
731
713
466
519
514
516
518
517
467
477
476
470
479
475
471
484
480
492
485
486
487
488
489
481
482
483
474
472
506
494
493
495
497
498
500
501
505
473
86
78
79
80
70
81
73
72
71
82
74
83
75
84
76
85
77
127
105
106
160
130
131
132
143
439
410
409
411
414
424
426
427
428
429
464
463
430
431
433
196
195
434
435
436
437
338
337
438
144
542
544
546
640
681
377
810
809
157
159
158
626
619
618
625
624
623
562
561
571
570
635
752
744
751
34
11
12
20
29
30
63
35
36
37
39
40
41
42
43
44
48
46
47
45
49
821
811
820
813
814
815
816
817
818
51
56
57
62
31
69
64
13
14
15
16
17
18
19
21
22
23
24
25
26
819
32
33
38
972
979
881
880
879
882
883
878
869
871
891
888
889
890
870
872
874
947
892
897
896
906
905
903
904
907
908
910
909
911
912
925
917
924
919
923
921
926
933
936
935
937
938
774
770
939
922
772
771
769
768
940
773
927
928
932
931
934
767
764
766
765
763
915
762
941
942
944
943
945
946
873
876
971
948
949
952
953
970
875
877
142
133
141
138
974
973
140
139
112
113
186
178
181
182
184
183
185
978
977
179
180
107
108
177
161
172
175
173
513
511
512
176
162
164
165
163
167
166
109
111
110
118
119
120
122
116
117
192
97
87
88
104
99
101
100
102
89
90
96
91
94
93
92
95
918
950
951
27
28
274
273
272
278
804
335
334
373
383
866
846
395
388
391
401
407
794
714
645
840
502
504
499
423
415
422
444
441
440
823
432
454
445
446
826
461
462
827
381
425
715
644
643
550
547
754
134
135
137
136
128
129
114
115
191
187
190
189
121
123
124
126
125
168
169
171
170
689
68
582
581
622
621
620
666
664
665
750
746
748
749
213
207
209
212
210
515
884
885
914
916
954
956
955
959
886
887
960
964
963
965
966
967
968
969
902
901
898
899
900
930
929
976
975
8
7
10
9
981
980
6
5
4
3
0
2
98
1
812
389
587
586
584
742
738
741
740
413
412
663
745
747
208
824
825
828
421
416
418
420
417
419
443
442
455
456
457
458
459
460
65
66
67
188
155
156
696
701
