267
224
234
247
239
252
262
263
264
265
395
397
399
372
370
371
369
366
367
394
379
223
220
221
222
381
382
383
453
400
402
404
415
654
416
417
204
203
419
418
414
413
412
410
423
424
427
425
434
435
439
620
618
202
200
449
448
451
390
488
487
471
486
475
476
474
389
461
386
392
497
489
492
493
496
538
498
500
585
539
541
542
197
545
550
556
557
579
561
577
569
571
575
583
582
527
505
507
515
517
518
521
512
592
617
595
602
614
616
208
207
205
587
217
589
591
421
420
430
429
494
504
611
603
610
548
441
440
573
485
478
477
484
483
482
574
503
502
282
274
281
303
300
299
669
291
446
445
443
601
597
600
599
272
271
525
522
524
609
604
606
608
216
210
212
215
213
